Num	RSSI	Frequency	Phase
1	-27.5	924.25	1.5033011721279284
2	-28.0	924.25	1.5155730184310134
3	-27.5	924.25	1.4971652489763858
4	-27.0	917.75	2.1230294104337273
5	-27.0	917.75	2.141437179888355
6	-27.0	917.75	2.1537090261914402
7	-27.0	917.75	2.1659808724945253
8	-27.5	917.75	2.1475731030398975
9	-27.0	910.75	3.129320807286708
10	-27.0	910.75	3.11091303783208
11	-27.0	910.75	3.1231848841351653
12	-27.0	925.75	1.3069516312785663
13	-27.5	925.75	1.3130875544301088
14	-27.0	925.75	1.2946797849754812
15	-27.5	925.75	1.2946797849754812
16	-26.0	908.75	3.4054373491061236
17	-26.0	908.75	3.429981041712294
18	-26.0	908.75	3.4177091954092087
19	-26.0	908.75	3.423845118560751
20	-27.0	914.25	2.5954954931025047
21	-27.0	914.25	2.6384469551633027
22	-26.5	914.25	2.6323110320117604
23	-27.0	914.25	2.6261751088602177
24	-27.5	923.75	1.552388557340269
25	-28.0	923.75	1.5033011721279284
26	-28.0	923.75	1.5707963267948966
27	-28.0	923.75	1.5707963267948966
28	-25.0	904.25	4.129476280988146
29	-25.0	904.25	4.111068511533518
30	-25.0	904.25	4.0987966652304335
31	-25.0	904.25	4.1172044346850605
32	-27.0	915.75	2.423689644859313
33	-27.5	915.75	2.429825568010856
34	-27.0	915.75	2.4727770300716534
35	-27.5	921.75	1.7241944055834606
36	-27.0	921.75	1.7548740213411735
37	-27.5	921.75	1.736466251886546
38	-27.5	921.75	1.6873788666742053
39	-27.5	921.75	1.748738098189631
40	-27.0	916.25	2.3623304133438876
41	-27.5	916.25	2.350058567040802
42	-27.5	916.25	2.337786720737717
43	-25.5	904.75	4.025165587411922
44	-25.0	904.75	4.049709280018092
45	-25.5	904.75	4.037437433715008
46	-26.0	906.25	3.767456815047135
47	-25.5	906.25	3.7429131224409646
48	-26.0	906.25	3.792000507653305
49	-26.0	906.25	3.77972866135022
50	-26.0	909.25	3.356349963893783
51	-26.0	909.25	3.3502140407422405
52	-26.0	909.25	3.393165502803038
53	-26.0	909.25	3.368621810196868
54	-27.5	922.75	1.6260196351587797
